ph2.txt: 59.58122894049251
ph3.txt: 101.04628589731539
pv1.txt: 57.79162221562628
ph1.txt: 93.39132506825956
ph2.txt: 59.58122894049251
ph3.txt: 101.04628589731539
pv1.txt: 57.79162221562628
