ph2.txt: 76.23835363818883
pv1.txt: 71.61346507419282
ph2.txt: 76.23835363818883
pv1.txt: 71.61346507419282
