ph2_12.txt: 188.09602252229047
pv1.txt: 59.09737822274951
ph2.txt: 59.98416460587236
pv1_24.txt: 552.2551765762848
ph3_24.txt: 268.48884111701966
ph3.txt: 102.01766366182197
pv2_24.txt: 533.1228638623555
ph1_12.txt: 304.5339660787524
ph2_24.txt: 206.40571595981964
pv1_12.txt: 471.9741739443881
ph3_12.txt: 263.10629382277864
ph1.txt: 103.28396602173515
pv2.txt: 57.22294135323451
ph1_24.txt: 339.21631235053604
